Last position-specific scoring matrix computed
	 A	 C	 E	 D	 G	 F	 I	 H	 K	 M	 L	 N	 Q	 P	 S	 R	 T	 W	 V	 Y
1 A	0.047	-2.039	-2.495	-2.484	-0.824	1.322	0.062	0.592	0.120	0.185	-0.032	-0.219	-0.089	-1.588	-0.033	-0.827	0.144	-0.052	0.083	1.408
2 A	-1.958	-1.365	-1.860	-2.054	-1.834	-0.434	0.146	-2.536	-3.367	1.134	1.934	-5.477	-0.778	-1.789	-2.000	-3.883	-1.401	-1.424	-0.312	-0.879
3 A	0.104	-0.206	-0.857	1.046	-0.851	0.619	0.211	0.055	-1.371	0.750	0.561	0.073	-0.390	-1.220	-0.345	-2.320	-0.983	1.307	-0.389	0.185
4 A	-0.689	-2.714	1.064	1.303	0.030	-1.236	-1.342	0.385	0.402	-1.920	-1.417	0.114	0.182	0.377	-0.191	-0.424	-0.570	-0.745	-1.195	-1.563
5 A	-0.611	-1.153	-0.102	-0.344	-0.625	0.423	0.256	1.505	0.765	-0.246	0.095	-0.714	-0.240	-0.741	-1.027	0.263	-0.279	0.232	0.082	-0.092
6 A	-1.327	-0.064	-0.892	-0.968	-1.406	0.123	0.974	0.481	-0.079	-0.388	0.694	-0.488	-0.423	0.214	-0.720	-0.404	-0.179	-1.427	0.801	-0.433
7 A	-0.453	-0.571	-0.035	-0.682	-2.940	0.631	0.428	1.472	-0.003	0.321	-0.079	-0.715	-0.112	0.138	-0.802	-0.695	-0.179	1.120	0.368	0.644
8 A	-0.452	-0.689	0.587	-1.632	-0.538	0.040	-1.580	1.010	0.939	-0.045	-0.405	0.219	0.234	-2.810	0.343	0.164	0.286	-1.142	-1.006	0.627
9 A	-0.518	0.001	-3.519	-3.367	-5.689	-0.801	0.276	-3.188	-3.021	0.572	1.349	-3.701	-5.258	-3.203	-5.184	-2.984	-2.264	-5.427	1.776	-4.933
